Precision: 0.25333333333333335
Recall: 0.0016179851826620113
F1 Score: 0.003215434083601286
Accuracy: 0.0016179851826620113
true_positives: 19
false_positives: 56
false_negatives: 11724
Precision: 0.25333333333333335
Recall: 0.0016179851826620113
F1 Score: 0.003215434083601286
Accuracy: 0.0016179851826620113
